      0/49     2.46G   0.05313   0.03182   0.05397    0.1389        35       640         0         0         0         0         0         0         0
      1/49     3.23G   0.04386   0.02633   0.02662   0.09681        53       640         0         0         0         0         0         0         0
      2/49     3.23G   0.04191   0.02602   0.02061   0.08855        47       640         0         0         0         0         0         0         0
      3/49     3.23G   0.04052   0.02578   0.01884   0.08513        52       640         0         0         0         0         0         0         0
      4/49     3.23G   0.03932   0.02556   0.01679   0.08167        42       640         0         0         0         0         0         0         0
      5/49     3.23G    0.0389   0.02523   0.01562   0.07975        52       640         0         0         0         0         0         0         0
      6/49     3.23G   0.03855   0.02509   0.01499   0.07864        49       640         0         0         0         0         0         0         0
      7/49     3.23G   0.03827   0.02507   0.01461   0.07794        61       640         0         0         0         0         0         0         0
      8/49     3.23G   0.03811   0.02494   0.01409   0.07714        45       640         0         0         0         0         0         0         0
      9/49     3.23G   0.03784   0.02485   0.01388   0.07657        52       640         0         0         0         0         0         0         0
     10/49     3.23G   0.03781   0.02473   0.01375   0.07628        55       640         0         0         0         0         0         0         0
     11/49     3.23G   0.03759   0.02475   0.01314   0.07548        51       640         0         0         0         0         0         0         0
     12/49     3.23G   0.03744   0.02462    0.0131   0.07517        46       640         0         0         0         0         0         0         0
     13/49     3.23G   0.03737   0.02459   0.01288   0.07484        57       640         0         0         0         0         0         0         0
     14/49     3.23G   0.03717   0.02457   0.01275   0.07449        31       640         0         0         0         0         0         0         0
     15/49     3.23G   0.03715   0.02466   0.01263   0.07444        55       640         0         0         0         0         0         0         0
     16/49     3.23G   0.03707   0.02449   0.01226   0.07382        51       640         0         0         0         0         0         0         0
     17/49     3.23G   0.03705   0.02459   0.01227   0.07392        63       640         0         0         0         0         0         0         0
     18/49     3.23G   0.03681   0.02447   0.01201   0.07328        47       640         0         0         0         0         0         0         0
     19/49     3.23G   0.03687   0.02437   0.01203   0.07327        34       640         0         0         0         0         0         0         0
     20/49     3.23G    0.0368   0.02439    0.0118   0.07299        41       640         0         0         0         0         0         0         0
     21/49     3.23G   0.03665   0.02444   0.01162   0.07271        45       640         0         0         0         0         0         0         0
     22/49     3.23G   0.03655   0.02424   0.01153   0.07233        51       640         0         0         0         0         0         0         0
     23/49     3.23G   0.03647   0.02432   0.01137   0.07216        46       640         0         0         0         0         0         0         0
     24/49     3.23G   0.03646   0.02419   0.01124   0.07189        72       640         0         0         0         0         0         0         0
     25/49     3.23G   0.03644   0.02427   0.01105   0.07177        49       640         0         0         0         0         0         0         0
     26/49     3.23G   0.03632   0.02432   0.01085   0.07149        56       640         0         0         0         0         0         0         0
     27/49     3.23G   0.03614   0.02409   0.01092   0.07115        51       640         0         0         0         0         0         0         0
     28/49     3.23G    0.0361   0.02415   0.01056    0.0708        53       640         0         0         0         0         0         0         0
     29/49     3.23G   0.03613   0.02413   0.01067   0.07093        46       640         0         0         0         0         0         0         0
     30/49     3.23G    0.0359   0.02397   0.01026   0.07013        49       640         0         0         0         0         0         0         0
     31/49     3.23G   0.03588   0.02409   0.01019   0.07016        42       640         0         0         0         0         0         0         0
     32/49     3.23G   0.03587   0.02405  0.009981    0.0699        45       640         0         0         0         0         0         0         0
     33/49     3.23G   0.03575   0.02402   0.01001   0.06978        54       640         0         0         0         0         0         0         0
     34/49     3.23G   0.03564   0.02383   0.00996   0.06943        46       640         0         0         0         0         0         0         0
     35/49     3.23G   0.03563   0.02385  0.009827   0.06931        33       640         0         0         0         0         0         0         0
     36/49     3.23G   0.03535   0.02377  0.009477    0.0686        46       640         0         0         0         0         0         0         0
     37/49     3.23G   0.03541    0.0238  0.009503   0.06872        66       640         0         0         0         0         0         0         0
     38/49     3.23G    0.0353   0.02372  0.009358   0.06838        47       640         0         0         0         0         0         0         0
     39/49     3.23G   0.03525   0.02381  0.009237   0.06829        36       640         0         0         0         0         0         0         0
     40/49     3.23G   0.03517    0.0237  0.009056   0.06793        48       640         0         0         0         0         0         0         0
     41/49     3.23G   0.03507   0.02362  0.008964   0.06766        50       640         0         0         0         0         0         0         0
     42/49     3.23G   0.03505   0.02372  0.009017   0.06779        46       640         0         0         0         0         0         0         0
     43/49     3.23G    0.0349    0.0236  0.008865   0.06736        57       640         0         0         0         0         0         0         0
     44/49     3.23G   0.03484   0.02359  0.008799   0.06723        49       640         0         0         0         0         0         0         0
     45/49     3.23G   0.03484   0.02354  0.008466   0.06684        52       640         0         0         0         0         0         0         0
     46/49     2.99G   0.03475   0.02357  0.008568   0.06688        35       640         0         0         0         0         0         0         0
     47/49        3G   0.03489    0.0236  0.008607    0.0671        53       640         0         0         0         0         0         0         0
     48/49        3G   0.03482   0.02356  0.008551   0.06693        47       640         0         0         0         0         0         0         0
     49/49        3G   0.03474   0.02348  0.008595   0.06681        52       640    0.8038    0.9763    0.9679    0.5234   0.02929   0.02477  0.002278
